[gd_scene format=3 uid="uid://c562cka6ffreb"]

[ext_resource type="PackedScene" uid="uid://bqxn2biqabudc" path="res://Scenes/Characters/NPCs/MapacheInvasor.tscn" id="1_7e5cw"]
[ext_resource type="PackedScene" uid="uid://cg151wl0mqnbf" path="res://Scenes/Characters/NPCs/Max.tscn" id="2_iuug4"]
[ext_resource type="Texture2D" uid="uid://btdu1l1hj0kxm" path="res://Assets/Textures/mapa.png" id="3_o0omn"]

[sub_resource type="StandardMaterial3D" id="StandardMaterial3D_5ixxa"]
albedo_texture = ExtResource("3_o0omn")

[sub_resource type="PlaneMesh" id="PlaneMesh_5h11f"]
material = SubResource("StandardMaterial3D_5ixxa")
size = Vector2(150, 150)

[sub_resource type="WorldBoundaryShape3D" id="WorldBoundaryShape3D_mbxq7"]

[sub_resource type="StandardMaterial3D" id="StandardMaterial3D_mbxq7"]
diffuse_mode = 3
specular_mode = 1
roughness = 0.0

[node name="Level" type="Node3D" unique_id=899220094]

[node name="MapacheInvasor" parent="." unique_id=271127357 instance=ExtResource("1_7e5cw")]
transform = Transform3D(-0.3776219, 0, 0.9259599, 0, 1, 0, -0.9259599, 0, -0.3776219, -24.384, 0.5, -4.628)

[node name="Max" parent="." unique_id=2061912373 instance=ExtResource("2_iuug4")]
transform = Transform3D(-0.46174866, 0, 0.8870108, 0, 1, 0, -0.8870108, 0, -0.46174866, -20.7, 0.5, -7.215)

[node name="MapaEPN" type="MeshInstance3D" parent="." unique_id=1245856096]
mesh = SubResource("PlaneMesh_5h11f")

[node name="StaticBody3D" type="StaticBody3D" parent="MapaEPN" unique_id=2030374547]

[node name="CollisionShape3D" type="CollisionShape3D" parent="MapaEPN/StaticBody3D" unique_id=230521109]
shape = SubResource("WorldBoundaryShape3D_mbxq7")

[node name="CSGCombiner3D" type="CSGCombiner3D" parent="." unique_id=1369271712]
use_collision = true

[node name="CSGBox3D" type="CSGBox3D" parent="CSGCombiner3D" unique_id=484118947]
transform = Transform3D(0.8660253, 0, 0.49999997, 0, 1, 0, -0.49999997, 0, 0.8660253, -18.045874, 5.0000005, 1.0884409)
size = Vector3(15, 10, 15)
material = SubResource("StandardMaterial3D_mbxq7")
